-71,41518 5 100,1443

-71,41518 5 100,1443

-71,99579 5 100,9584

-71,99579 5 100,9584

-71,99579 5 100,9584

-71,99579 5 100,9584

-70,83456 5 99,33008

-70,83456 5 99,33008

-71,41518 5 100,1443

-70,83456 5 99,33008

-70,83456 5 99,33008

-70,83456 5 99,33008

-68,51212 5 96,07336

-66,77029 5 93,63081

-66,77029 5 93,63081

-66,77029 5 93,63081

-67,9315 5 95,25917

-67,9315 5 95,25917

-67,9315 5 95,25917

-66,18967 5 92,81663

-66,18967 5 92,81663

-63,28662 5 88,74573

-63,86723 5 89,55991

-66,18967 5 92,81663

-63,86723 5 89,55991

-63,86723 5 89,55991

-63,86723 5 89,55991

-63,86723 5 89,55991

-63,86723 5 89,55991

-63,86723 5 89,55991

-66,77029 5 93,63081

-68,51212 5 96,07336

-68,51212 5 96,07336

-68,51212 5 96,07336

-66,18967 5 92,81663

-66,18967 5 92,81663

-62,70601 5 87,93154

-62,70601 5 87,93154

-62,70601 5 87,93154

-62,70601 5 87,93154

-62,70601 5 87,93154

-63,28662 5 88,74573

-63,28662 5 88,74573

-63,86723 5 89,55991

-64,44784 5 90,37408

-66,18967 5 92,81663

-66,18967 5 92,81663

-66,18967 5 92,81663

-64,44784 5 90,37408

-63,86723 5 89,55991

-62,70601 5 87,93154

-62,1254 5 87,11736

-62,1254 5 87,11736

-62,70601 5 87,93154

-63,28662 5 88,74573

-65,02845 5 91,18827

-65,02845 5 91,18827

-66,18967 5 92,81663

-66,18967 5 92,81663

-64,44784 5 90,37408

-64,44784 5 90,37408

-62,70601 5 87,93154

-62,1254 5 87,11736

-62,1254 5 87,11736

-62,1254 5 87,11736

-60,96417 5 85,489

-62,1254 5 87,11736

-62,1254 5 87,11736

-62,1254 5 87,11736

-62,70601 5 87,93154

-62,70601 5 87,93154

-62,70601 5 87,93154

-62,70601 5 87,93154

-60,38356 5 84,67482

-60,38356 5 84,67482

-60,38356 5 84,67482

-63,28662 5 88,74573

-64,44784 5 90,37408

-65,02845 5 91,18827

-65,02845 5 91,18827

-65,02845 5 91,18827

-63,86723 5 89,55991

-62,1254 5 87,11736

-62,1254 5 87,11736

-62,1254 5 87,11736

-62,70601 5 87,93154

-62,70601 5 87,93154

-62,70601 5 87,93154

-62,70601 5 87,93154

-60,96417 5 85,489

-60,96417 5 85,489

-61,54478 5 86,30318

-61,54478 5 86,30318

-63,28662 5 88,74573

-63,28662 5 88,74573

-63,28662 5 88,74573

-63,28662 5 88,74573

-63,86723 5 89,55991

-63,86723 5 89,55991

-63,86723 5 89,55991

-63,28662 5 88,74573

-62,1254 5 87,11736

-62,1254 5 87,11736

-62,1254 5 87,11736

-65,02845 5 91,18827

-66,18967 5 92,81663

-66,18967 5 92,81663

-66,18967 5 92,81663

-64,44784 5 90,37408

-61,54478 5 86,30318

-61,54478 5 86,30318

-61,54478 5 86,30318

-61,54478 5 86,30318

-61,54478 5 86,30318

-61,54478 5 86,30318

-61,54478 5 86,30318

-61,54478 5 86,30318

-65,60906 5 92,00245

-67,9315 5 95,25917

-67,9315 5 95,25917

-67,9315 5 95,25917

-67,9315 5 95,25917

-67,3509 5 94,44499

-66,18967 5 92,81663

-65,60906 5 92,00245

-65,60906 5 92,00245

-65,02845 5 91,18827

-63,86723 5 89,55991

-65,02845 5 91,18827

-63,86723 5 89,55991

-63,28662 5 88,74573

-63,86723 5 89,55991

-65,02845 5 91,18827

-65,02845 5 91,18827

-65,02845 5 91,18827

-65,02845 5 91,18827

-64,44784 5 90,37408

-64,44784 5 90,37408

-64,44784 5 90,37408

-67,3509 5 94,44499

-67,3509 5 94,44499

-67,3509 5 94,44499

-67,3509 5 94,44499

-67,3509 5 94,44499

-66,18967 5 92,81663

-67,9315 5 95,25917

-68,51212 5 96,07336

-67,9315 5 95,25917

-68,51212 5 96,07336

-68,51212 5 96,07336

-68,51212 5 96,07336

-67,3509 5 94,44499

-66,18967 5 92,81663

-66,18967 5 92,81663

-66,18967 5 92,81663

-69,09273 5 96,88754

-69,09273 5 96,88754

-69,67334 5 97,70171

-70,25395 5 98,5159

-70,25395 5 98,5159

-70,25395 5 98,5159

-71,41518 5 100,1443

-71,41518 5 100,1443

-71,99579 5 100,9584

-72,57639 5 101,7726

-72,57639 5 101,7726

-72,57639 5 101,7726

-71,99579 5 100,9584

-71,41518 5 100,1443

-71,41518 5 100,1443

-71,41518 5 100,1443

-71,41518 5 100,1443

-71,41518 5 100,1443

-73,15701 5 102,5868

-73,73762 5 103,401

-73,73762 5 103,401

-77,22128 5 108,2861

-77,22128 5 108,2861

-77,22128 5 108,2861

-76,06007 5 106,6577

-76,06007 5 106,6577

-76,06007 5 106,6577

-81,28556 5 113,9853

-82,44678 5 115,6137

-82,44678 5 115,6137

-82,44678 5 115,6137

-82,44678 5 115,6137

-82,44678 5 115,6137

-81,86617 5 114,7995

-81,86617 5 114,7995

-81,86617 5 114,7995

-80,70496 5 113,1712

-77,8019 5 109,1003

-77,8019 5 109,1003

-77,8019 5 109,1003

-78,38251 5 109,9144

-81,86617 5 114,7995

-85,93045 5 120,4988

-87,09167 5 122,1271

-87,09167 5 122,1271

-87,09167 5 122,1271

-87,09167 5 122,1271

-87,09167 5 122,1271

-88,83351 5 124,5697

-89,99473 5 126,1981

-92,31718 5 129,4548

-92,31718 5 129,4548

-92,31718 5 129,4548

-90,57534 5 127,0122

-90,57534 5 127,0122

-89,99473 5 126,1981

-88,83351 5 124,5697

-88,2529 5 123,7555

-87,67229 5 122,9413

-86,51106 5 121,313

-85,34984 5 119,6846

-84,76923 5 118,8704

-84,18862 5 118,0562

-82,44678 5 115,6137

-80,70496 5 113,1712

-77,22128 5 108,2861

-77,22128 5 108,2861

-77,22128 5 108,2861

-78,38251 5 109,9144

-78,38251 5 109,9144

-78,38251 5 109,9144

-76,64067 5 107,4719

-76,06007 5 106,6577

-76,06007 5 106,6577

-76,06007 5 106,6577

-78,38251 5 109,9144

-78,38251 5 109,9144

-78,38251 5 109,9144

-76,64067 5 107,4719

-76,64067 5 107,4719

-76,64067 5 107,4719

-74,89884 5 105,0293

-74,89884 5 105,0293

-74,89884 5 105,0293

-74,31823 5 104,2152

-72,57639 5 101,7726

-71,99579 5 100,9584

-71,41518 5 100,1443

-71,41518 5 100,1443

-71,99579 5 100,9584

-73,15701 5 102,5868

-73,15701 5 102,5868

-73,15701 5 102,5868

-71,99579 5 100,9584

-70,25395 5 98,5159

-70,25395 5 98,5159

-70,25395 5 98,5159

-68,51212 5 96,07336

-69,09273 5 96,88754

-69,09273 5 96,88754

-69,09273 5 96,88754

-69,09273 5 96,88754

-69,09273 5 96,88754

-69,09273 5 96,88754

-69,09273 5 96,88754

-69,09273 5 96,88754

-69,09273 5 96,88754

-69,09273 5 96,88754

-70,25395 5 98,5159

-70,25395 5 98,5159

-70,25395 5 98,5159

-67,9315 5 95,25917

-67,9315 5 95,25917

-67,9315 5 95,25917

-67,9315 5 95,25917

-67,9315 5 95,25917

-66,18967 5 92,81663

-62,70601 5 87,93154

-62,70601 5 87,93154

-62,70601 5 87,93154

-62,1254 5 87,11736

-62,70601 5 87,93154

-62,70601 5 87,93154

-62,70601 5 87,93154

-62,1254 5 87,11736

-60,96417 5 85,489

-60,96417 5 85,489

-60,96417 5 85,489

-60,38356 5 84,67482

-60,38356 5 84,67482

-60,38356 5 84,67482

-57,48051 5 80,60391

-57,48051 5 80,60391

-57,48051 5 80,60391

-59,22234 5 83,04646

-61,54478 5 86,30318

-61,54478 5 86,30318

-61,54478 5 86,30318

-58,64173 5 82,23228

-58,64173 5 82,23228

-58,64173 5 82,23228

-61,54478 5 86,30318

-62,1254 5 87,11736

-62,1254 5 87,11736

-61,54478 5 86,30318

-60,38356 5 84,67482

-58,64173 5 82,23228

-58,64173 5 82,23228

-58,64173 5 82,23228

-59,22234 5 83,04646

-59,22234 5 83,04646

-59,22234 5 83,04646

-58,64173 5 82,23228

-58,06112 5 81,4181

-58,06112 5 81,4181

-58,64173 5 82,23228

-61,54478 5 86,30318

-61,54478 5 86,30318

-61,54478 5 86,30318

-61,54478 5 86,30318

-59,22234 5 83,04646

-57,48051 5 80,60391

-57,48051 5 80,60391

-56,31928 5 78,97556

-56,31928 5 78,97556

-57,48051 5 80,60391

-58,06112 5 81,4181

-58,06112 5 81,4181

-58,06112 5 81,4181

-58,64173 5 82,23228

-58,64173 5 82,23228

-60,38356 5 84,67482

-60,38356 5 84,67482

-60,96417 5 85,489

-60,96417 5 85,489

-60,96417 5 85,489

-60,96417 5 85,489

-62,1254 5 87,11736

-62,1254 5 87,11736

-60,96417 5 85,489

-58,06112 5 81,4181

-57,48051 5 80,60391

-57,48051 5 80,60391

-57,48051 5 80,60391

-60,38356 5 84,67482

-60,38356 5 84,67482

-60,38356 5 84,67482

-60,38356 5 84,67482

-59,80295 5 83,86064

-56,89989 5 79,78973

-56,31928 5 78,97556

-56,31928 5 78,97556

-56,31928 5 78,97556

-59,22234 5 83,04646

-61,54478 5 86,30318

-62,1254 5 87,11736

-62,1254 5 87,11736

-62,1254 5 87,11736

-63,28662 5 88,74573

-62,70601 5 87,93154

-63,28662 5 88,74573

-63,28662 5 88,74573

-63,28662 5 88,74573

-62,70601 5 87,93154

-62,70601 5 87,93154

-62,1254 5 87,11736

-61,54478 5 86,30318

-60,38356 5 84,67482

-60,38356 5 84,67482

-59,22234 5 83,04646

-59,22234 5 83,04646

-59,22234 5 83,04646

-60,96417 5 85,489

-60,96417 5 85,489

-60,96417 5 85,489

-59,22234 5 83,04646

-59,22234 5 83,04646

-59,22234 5 83,04646

-59,22234 5 83,04646

-59,80295 5 83,86064

-62,70601 5 87,93154

-62,70601 5 87,93154

-62,70601 5 87,93154

-60,96417 5 85,489

-59,22234 5 83,04646

-59,22234 5 83,04646

-59,22234 5 83,04646

-59,22234 5 83,04646

-59,22234 5 83,04646

-59,22234 5 83,04646

-61,54478 5 86,30318

-59,80295 5 83,86064

-59,80295 5 83,86064

-61,54478 5 86,30318

-59,80295 5 83,86064

-59,80295 5 83,86064

-61,54478 5 86,30318

-61,54478 5 86,30318

-61,54478 5 86,30318

-62,1254 5 87,11736

-62,1254 5 87,11736

-62,1254 5 87,11736

-63,86723 5 89,55991

-64,44784 5 90,37408

-65,02845 5 91,18827

-65,60906 5 92,00245

-64,44784 5 90,37408

-64,44784 5 90,37408

-63,28662 5 88,74573

-63,28662 5 88,74573

-63,28662 5 88,74573

-63,28662 5 88,74573

-64,44784 5 90,37408

-66,18967 5 92,81663

-66,18967 5 92,81663

-66,77029 5 93,63081

-66,77029 5 93,63081

-66,77029 5 93,63081

-66,77029 5 93,63081

-67,3509 5 94,44499

-67,3509 5 94,44499

-67,3509 5 94,44499

-67,9315 5 95,25917

-67,9315 5 95,25917

-67,9315 5 95,25917

-67,9315 5 95,25917

-67,9315 5 95,25917

-67,9315 5 95,25917

-67,9315 5 95,25917

-67,9315 5 95,25917

-67,9315 5 95,25917

-67,9315 5 95,25917

-67,9315 5 95,25917

-67,9315 5 95,25917

-67,9315 5 95,25917

-68,51212 5 96,07336

-69,09273 5 96,88754

-69,67334 5 97,70171

-70,25395 5 98,5159

-70,25395 5 98,5159

-70,83456 5 99,33008

-70,83456 5 99,33008

-73,15701 5 102,5868

-73,15701 5 102,5868

-74,89884 5 105,0293

-76,06007 5 106,6577

-74,89884 5 105,0293

-76,06007 5 106,6577

-76,06007 5 106,6577

-77,8019 5 109,1003

-78,96312 5 110,7286

-78,96312 5 110,7286

-78,96312 5 110,7286

-78,96312 5 110,7286

-79,54373 5 111,5428

-79,54373 5 111,5428

-79,54373 5 111,5428

-79,54373 5 111,5428

-81,86617 5 114,7995

-81,86617 5 114,7995

-81,86617 5 114,7995

-82,44678 5 115,6137

-83,0274 5 116,4279

-83,0274 5 116,4279

-81,86617 5 114,7995

-75,47945 5 105,8435

-74,89884 5 105,0293

-74,89884 5 105,0293

-73,15701 5 102,5868

-73,15701 5 102,5868

-73,15701 5 102,5868

-73,15701 5 102,5868

-73,15701 5 102,5868

-73,15701 5 102,5868

-70,83456 5 99,33008

-70,25395 5 98,5159

-70,25395 5 98,5159

-69,09273 5 96,88754

-69,67334 5 97,70171

-68,51212 5 96,07336

-67,9315 5 95,25917

-67,9315 5 95,25917

-66,18967 5 92,81663

-66,18967 5 92,81663

-65,02845 5 91,18827

-65,02845 5 91,18827

-65,02845 5 91,18827

-64,44784 5 90,37408

-64,44784 5 90,37408

-64,44784 5 90,37408

-67,9315 5 95,25917

-69,09273 5 96,88754

-69,09273 5 96,88754

-69,09273 5 96,88754

-66,18967 5 92,81663

-66,18967 5 92,81663

-65,02845 5 91,18827

-65,02845 5 91,18827

-65,02845 5 91,18827

-63,86723 5 89,55991

-63,86723 5 89,55991

-63,28662 5 88,74573

-62,70601 5 87,93154

-62,1254 5 87,11736

-60,96417 5 85,489

-60,96417 5 85,489

-60,38356 5 84,67482

-60,38356 5 84,67482

-60,96417 5 85,489

-61,54478 5 86,30318

-61,54478 5 86,30318

-62,1254 5 87,11736

-62,1254 5 87,11736

-62,1254 5 87,11736

-62,1254 5 87,11736

-62,1254 5 87,11736

-62,1254 5 87,11736

-62,1254 5 87,11736

-60,96417 5 85,489

-58,06112 5 81,4181

-58,06112 5 81,4181

-57,48051 5 80,60391

-57,48051 5 80,60391

-57,48051 5 80,60391

-57,48051 5 80,60391

-56,89989 5 79,78973

-55,73867 5 78,16138

-56,89989 5 79,78973

-55,73867 5 78,16138

-55,73867 5 78,16138

-55,73867 5 78,16138

-55,15806 5 77,34719

-53,99684 5 75,71883

-53,99684 5 75,71883

-53,99684 5 75,71883

-53,99684 5 75,71883

-53,99684 5 75,71883

-53,99684 5 75,71883

-55,15806 5 77,34719

-53,99684 5 75,71883

-52,255 5 73,27629

-53,99684 5 75,71883

-53,99684 5 75,71883

-52,255 5 73,27629

-53,99684 5 75,71883

-53,99684 5 75,71883

-53,99684 5 75,71883

-54,57745 5 76,53301

-54,57745 5 76,53301

-54,57745 5 76,53301

-53,41623 5 74,90465

-52,83562 5 74,09047

-52,83562 5 74,09047

-52,255 5 73,27629

-52,255 5 73,27629

-52,255 5 73,27629

-51,09378 5 71,64793

-51,09378 5 71,64793

-51,09378 5 71,64793

-51,09378 5 71,64793

-52,255 5 73,27629

-52,255 5 73,27629

-51,09378 5 71,64793

-48,77134 5 68,3912

-48,77134 5 68,3912

-48,77134 5 68,3912

-51,09378 5 71,64793

-52,83562 5 74,09047

-52,83562 5 74,09047

-52,255 5 73,27629

-52,255 5 73,27629

-52,255 5 73,27629

-51,67439 5 72,4621

-51,09378 5 71,64793

-49,35195 5 69,20538

-49,35195 5 69,20538

-49,93256 5 70,01956

-49,93256 5 70,01956

-50,51317 5 70,83375

-50,51317 5 70,83375

-50,51317 5 70,83375

-50,51317 5 70,83375

-50,51317 5 70,83375

-49,93256 5 70,01956

-49,35195 5 69,20538

-48,19073 5 67,57702

-48,19073 5 67,57702

-48,19073 5 67,57702

-48,19073 5 67,57702

-51,67439 5 72,4621

-52,83562 5 74,09047

-52,83562 5 74,09047

-52,83562 5 74,09047

-51,09378 5 71,64793

-50,51317 5 70,83375

-50,51317 5 70,83375

-50,51317 5 70,83375

-51,09378 5 71,64793

-51,09378 5 71,64793

-51,09378 5 71,64793

-50,51317 5 70,83375

-50,51317 5 70,83375

-50,51317 5 70,83375

-50,51317 5 70,83375

-50,51317 5 70,83375

-50,51317 5 70,83375

-50,51317 5 70,83375

-51,67439 5 72,4621

-52,255 5 73,27629

-52,83562 5 74,09047

-52,83562 5 74,09047

-52,83562 5 74,09047

-52,83562 5 74,09047

-52,83562 5 74,09047

-52,83562 5 74,09047

-53,99684 5 75,71883

-53,99684 5 75,71883

-53,99684 5 75,71883

-53,99684 5 75,71883

-53,41623 5 74,90465

-53,41623 5 74,90465

-53,41623 5 74,90465

-53,99684 5 75,71883

-55,15806 5 77,34719

-56,89989 5 79,78973

-56,89989 5 79,78973

-57,48051 5 80,60391

-57,48051 5 80,60391

-58,06112 5 81,4181

-59,80295 5 83,86064

-62,1254 5 87,11736

-62,1254 5 87,11736

-62,1254 5 87,11736

-62,1254 5 87,11736

-58,64173 5 82,23228

-56,89989 5 79,78973

-55,73867 5 78,16138

-55,73867 5 78,16138

-55,15806 5 77,34719

-54,57745 5 76,53301

-53,99684 5 75,71883

-54,57745 5 76,53301

-55,15806 5 77,34719

-56,89989 5 79,78973

-56,89989 5 79,78973

-57,48051 5 80,60391

-62,1254 5 87,11736

-62,1254 5 87,11736

-62,1254 5 87,11736

-60,96417 5 85,489

-60,96417 5 85,489

-60,96417 5 85,489

-60,38356 5 84,67482

-60,96417 5 85,489

-60,96417 5 85,489

-60,96417 5 85,489

-60,96417 5 85,489

-62,1254 5 87,11736

-62,1254 5 87,11736

-62,70601 5 87,93154

-62,70601 5 87,93154

-62,1254 5 87,11736

-63,28662 5 88,74573

-63,28662 5 88,74573

-63,28662 5 88,74573

-63,28662 5 88,74573

-63,28662 5 88,74573

-63,28662 5 88,74573

-63,28662 5 88,74573

-66,18967 5 92,81663

-67,9315 5 95,25917

-68,51212 5 96,07336

-68,51212 5 96,07336

-67,9315 5 95,25917

-67,9315 5 95,25917

-67,9315 5 95,25917

-67,9315 5 95,25917

-67,9315 5 95,25917

-68,51212 5 96,07336

-70,25395 5 98,5159

-68,51212 5 96,07336

-68,51212 5 96,07336

-68,51212 5 96,07336

-67,9315 5 95,25917

-67,9315 5 95,25917

-67,9315 5 95,25917

-70,83456 5 99,33008

-71,41518 10 100,1443

-71,99579 10 100,9584

-71,99579 10 100,9584

-70,83456 10 99,33008

-71,41518 10 100,1443

-70,83456 10 99,33008

-68,51212 10 96,07336

-66,77029 10 93,63081

-67,9315 10 95,25917

-67,9315 10 95,25917

-66,18967 10 92,81663

-63,86723 10 89,55991

-63,86723 10 89,55991

-63,86723 10 89,55991

-63,86723 10 89,55991

-66,77029 10 93,63081

-68,51212 10 96,07336

-66,18967 10 92,81663

-62,70601 10 87,93154

-62,70601 10 87,93154

-62,70601 10 87,93154

-63,28662 10 88,74573

-64,44784 10 90,37408

-66,18967 10 92,81663

-64,44784 10 90,37408

-62,70601 10 87,93154

-62,1254 10 87,11736

-63,28662 10 88,74573

-65,02845 10 91,18827

-66,18967 10 92,81663

-64,44784 10 90,37408

-62,1254 10 87,11736

-62,1254 10 87,11736

-62,1254 10 87,11736

-62,1254 10 87,11736

-62,70601 10 87,93154

-62,70601 10 87,93154

-60,38356 10 84,67482

-63,28662 10 88,74573

-65,02845 10 91,18827

-65,02845 10 91,18827

-62,1254 10 87,11736

-62,1254 10 87,11736

-62,70601 10 87,93154

-62,70601 10 87,93154

-60,96417 10 85,489

-61,54478 10 86,30318

-63,28662 10 88,74573

-63,28662 10 88,74573

-63,86723 10 89,55991

-63,28662 10 88,74573

-62,1254 10 87,11736

-65,02845 10 91,18827

-66,18967 10 92,81663

-64,44784 10 90,37408

-61,54478 10 86,30318

-61,54478 10 86,30318

-61,54478 10 86,30318

-61,54478 10 86,30318

-67,9315 10 95,25917

-67,9315 10 95,25917

-67,3509 10 94,44499

-65,60906 10 92,00245

-65,02845 10 91,18827

-65,02845 10 91,18827

-63,28662 10 88,74573

-65,02845 10 91,18827

-65,02845 10 91,18827

-64,44784 10 90,37408

-64,44784 10 90,37408

-67,3509 10 94,44499

-67,3509 10 94,44499

-66,18967 10 92,81663

-68,51212 10 96,07336

-68,51212 10 96,07336

-68,51212 10 96,07336

-66,18967 10 92,81663

-66,18967 10 92,81663

-69,09273 10 96,88754

-70,25395 10 98,5159

-70,25395 10 98,5159

-71,41518 10 100,1443

-72,57639 10 101,7726

-72,57639 10 101,7726

-71,41518 10 100,1443

-71,41518 10 100,1443

-71,41518 10 100,1443

-73,73762 10 103,401

-77,22128 10 108,2861

-77,22128 10 108,2861

-76,06007 10 106,6577

-81,28556 10 113,9853

-82,44678 10 115,6137

-82,44678 10 115,6137

-81,86617 10 114,7995

-81,86617 10 114,7995

-77,8019 10 109,1003

-77,8019 10 109,1003

-81,86617 10 114,7995

-87,09167 10 122,1271

-87,09167 10 122,1271

-87,09167 10 122,1271

-89,99473 10 126,1981

-92,31718 10 129,4548

-90,57534 10 127,0122

-89,99473 10 126,1981

-88,2529 10 123,7555

-86,51106 10 121,313

-84,76923 10 118,8704

-82,44678 10 115,6137

-77,22128 10 108,2861

-77,22128 10 108,2861

-78,38251 10 109,9144

-76,64067 10 107,4719

-76,06007 10 106,6577

-78,38251 10 109,9144

-78,38251 10 109,9144

-76,64067 10 107,4719

-74,89884 10 105,0293

-74,89884 10 105,0293

-72,57639 10 101,7726

-71,41518 10 100,1443

-71,99579 10 100,9584

-73,15701 10 102,5868

-71,99579 10 100,9584

-70,25395 10 98,5159

-68,51212 10 96,07336

-69,09273 10 96,88754

-69,09273 10 96,88754

-69,09273 10 96,88754

-69,09273 10 96,88754

-69,09273 10 96,88754

-70,25395 10 98,5159

-67,9315 10 95,25917

-67,9315 10 95,25917

-67,9315 10 95,25917

-62,70601 10 87,93154

-62,70601 10 87,93154

-62,70601 10 87,93154

-62,70601 10 87,93154

-60,96417 10 85,489

-60,96417 10 85,489

-60,38356 10 84,67482

-57,48051 10 80,60391

-57,48051 10 80,60391

-61,54478 10 86,30318

-61,54478 10 86,30318

-58,64173 10 82,23228

-61,54478 10 86,30318

-62,1254 10 87,11736

-60,38356 10 84,67482

-58,64173 10 82,23228

-59,22234 10 83,04646

-59,22234 10 83,04646

-58,06112 10 81,4181

-58,64173 10 82,23228

-61,54478 10 86,30318

-61,54478 10 86,30318

-57,48051 10 80,60391

-56,31928 10 78,97556

-57,48051 10 80,60391

-58,06112 10 81,4181

-58,64173 10 82,23228

-60,38356 10 84,67482

-60,96417 10 85,489

-60,96417 10 85,489

-62,1254 10 87,11736

-60,96417 10 85,489

-57,48051 10 80,60391

-57,48051 10 80,60391

-60,38356 10 84,67482

-60,38356 10 84,67482

-56,89989 10 79,78973

-56,31928 10 78,97556

-59,22234 10 83,04646

-62,1254 10 87,11736

-62,1254 10 87,11736

-62,70601 10 87,93154

-63,28662 10 88,74573

-62,70601 10 87,93154

-62,1254 10 87,11736

-60,38356 10 84,67482

-59,22234 10 83,04646

-59,22234 10 83,04646

-60,96417 10 85,489

-59,22234 10 83,04646

-59,22234 10 83,04646

-59,80295 10 83,86064

-62,70601 10 87,93154

-60,96417 10 85,489

-59,22234 10 83,04646

-59,22234 10 83,04646

-59,22234 10 83,04646

-59,80295 10 83,86064

-61,54478 10 86,30318

-59,80295 10 83,86064

-61,54478 10 86,30318

-62,1254 10 87,11736

-62,1254 10 87,11736

-64,44784 10 90,37408

-65,60906 10 92,00245

-64,44784 10 90,37408

-63,28662 10 88,74573

-63,28662 10 88,74573

-66,18967 10 92,81663

-66,77029 10 93,63081

-66,77029 10 93,63081

-67,3509 10 94,44499

-67,3509 10 94,44499

-67,9315 10 95,25917

-67,9315 10 95,25917

-67,9315 10 95,25917

-67,9315 10 95,25917

-67,9315 10 95,25917

-67,9315 10 95,25917

-68,51212 10 96,07336

-69,67334 10 97,70171

-70,25395 10 98,5159

-70,83456 10 99,33008

-73,15701 10 102,5868

-76,06007 10 106,6577

-76,06007 10 106,6577

-77,8019 10 109,1003

-78,96312 10 110,7286

-78,96312 10 110,7286

-79,54373 10 111,5428

-79,54373 10 111,5428

-81,86617 10 114,7995

-82,44678 10 115,6137

-83,0274 10 116,4279

-75,47945 10 105,8435

-74,89884 10 105,0293

-73,15701 10 102,5868

-73,15701 10 102,5868

-73,15701 10 102,5868

-70,25395 10 98,5159

-69,09273 10 96,88754

-68,51212 10 96,07336

-67,9315 10 95,25917

-66,18967 10 92,81663

-65,02845 10 91,18827

-64,44784 10 90,37408

-64,44784 10 90,37408

-69,09273 10 96,88754

-69,09273 10 96,88754

-66,18967 10 92,81663

-65,02845 10 91,18827

-63,86723 10 89,55991

-63,28662 10 88,74573

-62,1254 10 87,11736

-60,96417 10 85,489

-60,38356 10 84,67482

-61,54478 10 86,30318

-62,1254 10 87,11736

-62,1254 10 87,11736

-62,1254 10 87,11736

-62,1254 10 87,11736

-58,06112 10 81,4181

-57,48051 10 80,60391

-57,48051 10 80,60391

-56,89989 10 79,78973

-56,89989 10 79,78973

-55,73867 10 78,16138

-55,15806 10 77,34719

-53,99684 10 75,71883

-53,99684 10 75,71883

-53,99684 10 75,71883

-53,99684 10 75,71883

-53,99684 10 75,71883

-52,255 10 73,27629

-53,99684 10 75,71883

-54,57745 10 76,53301

-54,57745 10 76,53301

-52,83562 10 74,09047

-52,255 10 73,27629

-52,255 10 73,27629

-51,09378 10 71,64793

-51,09378 10 71,64793

-52,255 10 73,27629

-48,77134 10 68,3912

-48,77134 10 68,3912

-52,83562 10 74,09047

-52,255 10 73,27629

-52,255 10 73,27629

-51,09378 10 71,64793

-49,35195 10 69,20538

-49,93256 10 70,01956

-50,51317 10 70,83375

-50,51317 10 70,83375

-49,93256 10 70,01956

-48,19073 10 67,57702

-48,19073 10 67,57702

-51,67439 10 72,4621

-52,83562 10 74,09047

-51,09378 10 71,64793

-50,51317 10 70,83375

-51,09378 10 71,64793

-51,09378 10 71,64793

-50,51317 10 70,83375

-50,51317 10 70,83375

-50,51317 10 70,83375

-51,67439 10 72,4621

-52,83562 10 74,09047

-52,83562 10 74,09047

-52,83562 10 74,09047

-53,99684 10 75,71883

-53,99684 10 75,71883

-53,41623 10 74,90465

-53,41623 10 74,90465

-55,15806 10 77,34719

-56,89989 10 79,78973

-57,48051 10 80,60391

-59,80295 10 83,86064

-62,1254 10 87,11736

-62,1254 10 87,11736

-56,89989 10 79,78973

-55,73867 10 78,16138

-54,57745 10 76,53301

-54,57745 10 76,53301

-56,89989 10 79,78973

-57,48051 10 80,60391

-62,1254 10 87,11736

-60,96417 10 85,489

-60,96417 10 85,489

-60,96417 10 85,489

-60,96417 10 85,489

-62,1254 10 87,11736

-62,70601 10 87,93154

-62,1254 10 87,11736

-63,28662 10 88,74573

-63,28662 10 88,74573

-63,28662 10 88,74573

-66,18967 10 92,81663

-68,51212 10 96,07336

-67,9315 10 95,25917

-67,9315 10 95,25917

-67,9315 10 95,25917

-70,25395 10 98,5159

-68,51212 10 96,07336

-67,9315 10 95,25917

-67,9315 10 95,25917

-69,09273 10 96,88754

-69,67334 10 97,70171

-68,51212 10 96,07336

-67,3509 10 94,44499

-64,44784 10 90,37408

-62,1254 10 87,11736

-63,86723 10 89,55991

-65,60906 10 92,00245

-66,18967 10 92,81663

-67,3509 10 94,44499

-67,3509 10 94,44499

-65,60906 10 92,00245

-63,86723 10 89,55991

-63,86723 10 89,55991

-63,86723 10 89,55991

-66,77029 10 93,63081

-66,77029 10 93,63081

-65,02845 10 91,18827

-63,28662 10 88,74573

-63,86723 10 89,55991

-63,28662 10 88,74573

-62,1254 10 87,11736

-62,1254 10 87,11736

-62,70601 10 87,93154

-60,96417 10 85,489

-60,38356 10 84,67482

-62,1254 10 87,11736

-63,86723 10 89,55991

-62,1254 10 87,11736

-59,22234 10 83,04646

-62,1254 10 87,11736

-62,1254 10 87,11736

-62,1254 10 87,11736

-62,1254 10 87,11736

-62,1254 10 87,11736

-58,06112 10 81,4181

-61,54478 10 86,30318

-61,54478 10 86,30318

-61,54478 10 86,30318

-63,28662 10 88,74573

-63,28662 10 88,74573

-60,96417 10 85,489

-60,96417 10 85,489

-63,28662 10 88,74573

-60,96417 10 85,489

-59,80295 10 83,86064

-59,80295 10 83,86064

-62,1254 10 87,11736

-62,1254 10 87,11736

-61,54478 10 86,30318

-60,38356 10 84,67482

-61,54478 10 86,30318

-62,70601 10 87,93154

-61,54478 10 86,30318

-60,38356 10 84,67482

-59,80295 10 83,86064

-60,96417 10 85,489

-65,60906 10 92,00245

-65,60906 10 92,00245

-65,60906 10 92,00245

-66,18967 10 92,81663

-66,18967 10 92,81663

-66,18967 10 92,81663

-65,60906 10 92,00245

-64,44784 10 90,37408

-61,54478 10 86,30318

-61,54478 10 86,30318

-62,1254 10 87,11736

-62,1254 10 87,11736

-63,86723 10 89,55991

-63,86723 10 89,55991

-63,86723 10 89,55991

-63,86723 10 89,55991

-66,18967 10 92,81663

-63,28662 10 88,74573

-63,28662 10 88,74573

-62,70601 10 87,93154

-62,70601 10 87,93154

-63,86723 10 89,55991

-65,60906 10 92,00245

-62,70601 10 87,93154

-62,70601 10 87,93154

-65,60906 10 92,00245

-65,60906 10 92,00245

-65,60906 10 92,00245

-71,41518 10 100,1443

-71,41518 10 100,1443

-70,83456 10 99,33008

-70,83456 10 99,33008

-71,99579 10 100,9584

-71,99579 10 100,9584

-72,57639 10 101,7726

-75,47945 10 105,8435

-77,22128 10 108,2861

-76,06007 10 106,6577

-76,06007 10 106,6577

-77,22128 10 108,2861

-77,22128 10 108,2861

-77,8019 10 109,1003

-78,38251 10 109,9144

-79,54373 10 111,5428

-81,28556 10 113,9853

-81,28556 10 113,9853

-81,86617 10 114,7995

-84,76923 10 118,8704

-85,34984 10 119,6846

-86,51106 10 121,313

-85,34984 10 119,6846

-85,34984 10 119,6846

-88,2529 10 123,7555

-89,41412 10 125,3839

-92,31718 10 129,4548

-96,38145 10 135,154

-96,38145 10 135,154

-94,05901 10 131,8973

-92,31718 10 129,4548

-92,31718 10 129,4548

-89,99473 10 126,1981

-88,2529 10 123,7555

-88,2529 10 123,7555

-87,67229 10 122,9413

-85,34984 10 119,6846

-84,76923 10 118,8704

-84,76923 10 118,8704

-83,60801 10 117,2421

-83,60801 10 117,2421

-84,18862 10 118,0562

-83,60801 10 117,2421

-83,60801 10 117,2421

-81,86617 10 114,7995

-81,86617 10 114,7995

-81,86617 10 114,7995

-80,12434 10 112,357

-80,12434 10 112,357

-79,54373 10 111,5428

-79,54373 10 111,5428

-81,86617 10 114,7995

-78,96312 10 110,7286

-73,73762 10 103,401

-73,73762 10 103,401

-72,57639 10 101,7726

-71,99579 10 100,9584

-74,31823 10 104,2152

-74,31823 10 104,2152

-74,31823 10 104,2152

-73,73762 10 103,401

-73,73762 10 103,401

-70,83456 10 99,33008

-70,83456 10 99,33008

-70,83456 10 99,33008

-69,09273 10 96,88754

-70,83456 10 99,33008

-71,99579 10 100,9584

-71,99579 10 100,9584

-68,51212 10 96,07336

-68,51212 10 96,07336

-69,09273 10 96,88754

-67,9315 10 95,25917

-66,77029 10 93,63081

-67,9315 10 95,25917

-67,9315 10 95,25917

-69,09273 10 96,88754

-69,09273 10 96,88754

-68,51212 10 96,07336

-69,09273 10 96,88754

-69,09273 10 96,88754

-69,67334 10 97,70171

-69,67334 10 97,70171

-69,67334 10 97,70171

-69,67334 10 97,70171

-69,67334 10 97,70171

-70,83456 10 99,33008

-70,83456 10 99,33008

-71,41518 10 100,1443

-71,41518 10 100,1443

-71,41518 10 100,1443

-71,41518 10 100,1443

-73,73762 10 103,401

-72,57639 10 101,7726

-73,73762 10 103,401

-71,99579 10 100,9584

-71,99579 10 100,9584

-70,25395 10 98,5159

-71,99579 10 100,9584

-71,99579 10 100,9584

-71,99579 10 100,9584

-71,99579 10 100,9584

-71,99579 10 100,9584

-71,99579 10 100,9584

-71,99579 10 100,9584

-71,99579 10 100,9584

-74,89884 10 105,0293

-72,57639 10 101,7726

-71,99579 10 100,9584

-70,25395 10 98,5159

-70,25395 10 98,5159

-70,25395 10 98,5159

-71,41518 10 100,1443

-73,15701 10 102,5868

-74,89884 10 105,0293

-74,89884 10 105,0293

-74,31823 10 104,2152

-74,31823 10 104,2152

-73,15701 10 102,5868

-72,57639 10 101,7726

-71,99579 10 100,9584

-71,99579 10 100,9584

-75,47945 10 105,8435

-75,47945 10 105,8435

-75,47945 10 105,8435

-75,47945 10 105,8435

-75,47945 10 105,8435

-74,89884 10 105,0293

-74,89884 10 105,0293

-75,47945 10 105,8435

-77,22128 10 108,2861

-77,8019 10 109,1003

-77,22128 10 108,2861

-77,8019 10 109,1003

-78,96312 10 110,7286

-81,28556 10 113,9853

-83,0274 10 116,4279

-84,18862 10 118,0562

-84,18862 10 118,0562

-84,18862 10 118,0562

-87,09167 10 122,1271

-91,15595 10 127,8264

-91,15595 10 127,8264

-91,15595 10 127,8264

-88,2529 10 123,7555

-87,09167 10 122,1271

-84,76923 10 118,8704

-83,60801 10 117,2421

-82,44678 10 115,6137

-82,44678 10 115,6137

-78,96312 10 110,7286

-76,06007 10 106,6577

-74,89884 10 105,0293

-74,31823 10 104,2152

-74,31823 10 104,2152

-71,99579 10 100,9584

-71,41518 10 100,1443

-70,83456 10 99,33008

-70,83456 10 99,33008

-71,99579 10 100,9584

-71,99579 10 100,9584

-69,67334 10 97,70171

-67,9315 10 95,25917

-67,9315 10 95,25917

-69,09273 10 96,88754

-66,77029 10 93,63081

-65,60906 10 92,00245

-65,60906 10 92,00245

-65,60906 10 92,00245

-65,02845 10 91,18827

-62,1254 10 87,11736

-63,28662 10 88,74573

-63,28662 10 88,74573

-60,38356 10 84,67482

-60,38356 10 84,67482

-62,1254 10 87,11736

-62,1254 10 87,11736

-62,1254 10 87,11736

-60,38356 10 84,67482

-62,1254 10 87,11736

-60,96417 10 85,489

-61,54478 10 86,30318

-60,96417 10 85,489

-58,64173 10 82,23228

-58,64173 10 82,23228

-57,48051 10 80,60391

-57,48051 10 80,60391

-60,96417 10 85,489

-60,96417 10 85,489

-58,06112 10 81,4181

-61,54478 10 86,30318

-62,1254 10 87,11736

-59,22234 10 83,04646

-58,06112 10 81,4181

-58,06112 10 81,4181

-57,48051 10 80,60391

-56,89989 10 79,78973

-58,64173 10 82,23228

-58,64173 10 82,23228

-59,22234 10 83,04646

-58,06112 10 81,4181

-58,06112 10 81,4181

-55,15806 10 77,34719

-55,15806 10 77,34719

-56,31928 10 78,97556

-59,22234 10 83,04646

-57,48051 10 80,60391

-57,48051 10 80,60391

-56,31928 10 78,97556

-55,73867 10 78,16138

-56,31928 10 78,97556

-56,31928 10 78,97556

-55,15806 10 77,34719

-55,15806 10 77,34719

-56,31928 10 78,97556

-59,22234 10 83,04646

-59,22234 10 83,04646

-59,22234 10 83,04646

-60,38356 10 84,67482

-60,38356 10 84,67482

-58,64173 10 82,23228

-59,80295 10 83,86064

-59,80295 10 83,86064

-59,22234 10 83,04646

-59,22234 10 83,04646

-60,96417 10 85,489

-62,1254 10 87,11736

-62,1254 10 87,11736

-62,1254 10 87,11736

-59,80295 10 83,86064

-59,22234 10 83,04646

-60,38356 10 84,67482

-60,38356 10 84,67482

-60,38356 10 84,67482

-61,54478 10 86,30318

-59,22234 10 83,04646

-59,22234 10 83,04646

-60,96417 10 85,489

-62,1254 10 87,11736

-66,77029 10 93,63081

-66,77029 10 93,63081

-62,1254 10 87,11736

-62,1254 10 87,11736

-63,86723 10 89,55991

-67,9315 10 95,25917

-67,9315 10 95,25917

-65,60906 10 92,00245

-65,60906 10 92,00245

-66,77029 10 93,63081

-67,9315 10 95,25917

-69,67334 10 97,70171

-69,67334 10 97,70171

-69,67334 10 97,70171

-70,83456 10 99,33008

-71,99579 10 100,9584

-71,99579 10 100,9584

-71,41518 15 100,1443

-71,99579 15 100,9584

-70,83456 15 99,33008

-70,83456 15 99,33008

-68,51212 15 96,07336

-66,77029 15 93,63081

-67,9315 15 95,25917

-63,28662 15 88,74573

-63,86723 15 89,55991

-63,86723 15 89,55991

-66,77029 15 93,63081

-68,51212 15 96,07336

-62,70601 15 87,93154

-62,70601 15 87,93154

-63,28662 15 88,74573

-66,18967 15 92,81663

-64,44784 15 90,37408

-62,1254 15 87,11736

-63,28662 15 88,74573

-66,18967 15 92,81663

-64,44784 15 90,37408

-62,1254 15 87,11736

-62,1254 15 87,11736

-62,70601 15 87,93154

-62,70601 15 87,93154

-60,38356 15 84,67482

-65,02845 15 91,18827

-63,86723 15 89,55991

-62,1254 15 87,11736

-62,70601 15 87,93154

-60,96417 15 85,489

-63,28662 15 88,74573

-63,28662 15 88,74573

-63,86723 15 89,55991

-62,1254 15 87,11736

-66,18967 15 92,81663

-64,44784 15 90,37408

-61,54478 15 86,30318

-61,54478 15 86,30318

-65,60906 15 92,00245

-67,9315 15 95,25917

-66,18967 15 92,81663

-65,02845 15 91,18827

-63,86723 15 89,55991

-65,02845 15 91,18827

-65,02845 15 91,18827

-64,44784 15 90,37408

-67,3509 15 94,44499

-66,18967 15 92,81663

-67,9315 15 95,25917

-68,51212 15 96,07336

-66,18967 15 92,81663

-69,09273 15 96,88754

-70,25395 15 98,5159

-71,41518 15 100,1443

-72,57639 15 101,7726

-71,41518 15 100,1443

-71,41518 15 100,1443

-73,73762 15 103,401

-77,22128 15 108,2861

-76,06007 15 106,6577

-82,44678 15 115,6137

-82,44678 15 115,6137

-81,86617 15 114,7995

-77,8019 15 109,1003

-78,38251 15 109,9144

-87,09167 15 122,1271

-87,09167 15 122,1271

-89,99473 15 126,1981

-92,31718 15 129,4548

-89,99473 15 126,1981

-87,67229 15 122,9413

-84,76923 15 118,8704

-80,70496 15 113,1712

-77,22128 15 108,2861

-78,38251 15 109,9144

-76,06007 15 106,6577

-78,38251 15 109,9144

-76,64067 15 107,4719

-74,89884 15 105,0293

-72,57639 15 101,7726

-71,41518 15 100,1443

-73,15701 15 102,5868

-70,25395 15 98,5159

-68,51212 15 96,07336

-69,09273 15 96,88754

-69,09273 15 96,88754

-69,09273 15 96,88754

-70,25395 15 98,5159

-67,9315 15 95,25917

-67,9315 15 95,25917

-62,70601 15 87,93154

-62,70601 15 87,93154

-62,1254 15 87,11736

-60,96417 15 85,489

-60,38356 15 84,67482

-57,48051 15 80,60391

-61,54478 15 86,30318

-58,64173 15 82,23228

-62,1254 15 87,11736

-60,38356 15 84,67482

-58,64173 15 82,23228

-59,22234 15 83,04646

-58,06112 15 81,4181

-61,54478 15 86,30318

-59,22234 15 83,04646

-56,31928 15 78,97556

-58,06112 15 81,4181

-58,64173 15 82,23228

-60,38356 15 84,67482

-60,96417 15 85,489

-62,1254 15 87,11736

-57,48051 15 80,60391

-60,38356 15 84,67482

-60,38356 15 84,67482

-56,31928 15 78,97556

-59,22234 15 83,04646

-62,1254 15 87,11736

-62,70601 15 87,93154

-63,28662 15 88,74573

-62,1254 15 87,11736

-60,38356 15 84,67482

-59,22234 15 83,04646

-60,96417 15 85,489

-59,22234 15 83,04646

-62,70601 15 87,93154

-60,96417 15 85,489

-59,22234 15 83,04646

-59,22234 15 83,04646

-59,80295 15 83,86064

-59,80295 15 83,86064

-61,54478 15 86,30318

-62,1254 15 87,11736

-65,02845 15 91,18827

-64,44784 15 90,37408

-63,28662 15 88,74573

-66,18967 15 92,81663

-66,77029 15 93,63081

-67,3509 15 94,44499

-67,9315 15 95,25917

-67,9315 15 95,25917

-67,9315 15 95,25917

-67,9315 15 95,25917

-67,9315 15 95,25917

-69,67334 15 97,70171

-70,83456 15 99,33008

-73,15701 15 102,5868

-74,89884 15 105,0293

-77,8019 15 109,1003

-78,96312 15 110,7286

-79,54373 15 111,5428

-81,86617 15 114,7995

-82,44678 15 115,6137

-81,86617 15 114,7995

-74,89884 15 105,0293

-73,15701 15 102,5868

-73,15701 15 102,5868

-70,25395 15 98,5159

-68,51212 15 96,07336

-66,18967 15 92,81663

-65,02845 15 91,18827

-64,44784 15 90,37408

-69,09273 15 96,88754

-66,18967 15 92,81663

-65,02845 15 91,18827

-63,86723 15 89,55991

-62,1254 15 87,11736

-60,38356 15 84,67482

-61,54478 15 86,30318

-62,1254 15 87,11736

-62,1254 15 87,11736

-60,96417 15 85,489

-57,48051 15 80,60391

-57,48051 15 80,60391

-56,89989 15 79,78973

-55,73867 15 78,16138

-53,99684 15 75,71883

-53,99684 15 75,71883

-53,99684 15 75,71883

-53,99684 15 75,71883

-53,99684 15 75,71883

-54,57745 15 76,53301

-52,83562 15 74,09047

-52,255 15 73,27629

-51,09378 15 71,64793

-52,255 15 73,27629

-48,77134 15 68,3912

-51,09378 15 71,64793

-52,255 15 73,27629

-51,67439 15 72,4621

-49,35195 15 69,20538

-50,51317 15 70,83375

-50,51317 15 70,83375

-49,35195 15 69,20538

-48,19073 15 67,57702

-52,83562 15 74,09047

-51,09378 15 71,64793

-50,51317 15 70,83375

-51,09378 15 71,64793

-50,51317 15 70,83375

-50,51317 15 70,83375

-52,255 15 73,27629

-52,83562 15 74,09047

-52,83562 15 74,09047

-53,99684 15 75,71883

-53,41623 15 74,90465

-55,15806 15 77,34719

-57,48051 15 80,60391

-59,80295 15 83,86064

-62,1254 15 87,11736

-56,89989 15 79,78973

-55,15806 15 77,34719

-54,57745 15 76,53301

-56,89989 15 79,78973

-62,1254 15 87,11736

-60,96417 15 85,489

-60,96417 15 85,489

-60,96417 15 85,489

-62,70601 15 87,93154

-63,28662 15 88,74573

-63,28662 15 88,74573

-63,28662 15 88,74573

-68,51212 15 96,07336

-67,9315 15 95,25917

-67,9315 15 95,25917

-68,51212 15 96,07336

-67,9315 15 95,25917

-70,83456 15 99,33008

-69,67334 15 97,70171

-69,09273 15 96,88754

-64,44784 15 90,37408

-62,1254 15 87,11736

-65,60906 15 92,00245

-66,77029 15 93,63081

-67,3509 15 94,44499

-63,86723 15 89,55991

-63,86723 15 89,55991

-63,86723 15 89,55991

-66,77029 15 93,63081

-63,86723 15 89,55991

-63,86723 15 89,55991

-63,28662 15 88,74573

-62,1254 15 87,11736

-62,70601 15 87,93154

-60,38356 15 84,67482

-63,86723 15 89,55991

-62,1254 15 87,11736

-59,22234 15 83,04646

-62,1254 15 87,11736

-62,1254 15 87,11736

-62,1254 15 87,11736

-58,06112 15 81,4181

-61,54478 15 86,30318

-61,54478 15 86,30318

-63,28662 15 88,74573

-60,96417 15 85,489

-63,28662 15 88,74573

-59,80295 15 83,86064

-59,80295 15 83,86064

-62,1254 15 87,11736

-61,54478 15 86,30318

-60,96417 15 85,489

-62,70601 15 87,93154

-61,54478 15 86,30318

-59,80295 15 83,86064

-65,60906 15 92,00245

-65,60906 15 92,00245

-66,18967 15 92,81663

-66,18967 15 92,81663

-65,60906 15 92,00245

-64,44784 15 90,37408

-62,1254 15 87,11736

-62,1254 15 87,11736

-63,28662 15 88,74573

-63,86723 15 89,55991

-63,86723 15 89,55991

-66,18967 15 92,81663

-63,28662 15 88,74573

-62,70601 15 87,93154

-63,28662 15 88,74573

-65,60906 15 92,00245

-62,70601 15 87,93154

-65,60906 15 92,00245

-65,60906 15 92,00245

-71,41518 15 100,1443

-70,83456 15 99,33008

-70,83456 15 99,33008

-71,99579 15 100,9584

-72,57639 15 101,7726

-77,22128 15 108,2861

-76,06007 15 106,6577

-76,06007 15 106,6577

-77,22128 15 108,2861

-77,8019 15 109,1003

-79,54373 15 111,5428

-81,28556 15 113,9853

-81,86617 15 114,7995

-84,76923 15 118,8704

-86,51106 15 121,313

-85,34984 15 119,6846

-88,2529 15 123,7555

-90,57534 15 127,0122

-96,38145 15 135,154

-96,38145 15 135,154

-92,31718 15 129,4548

-89,99473 15 126,1981

-88,2529 15 123,7555

-88,2529 15 123,7555

-85,34984 15 119,6846

-84,76923 15 118,8704

-83,60801 15 117,2421

-83,60801 15 117,2421

-83,60801 15 117,2421

-83,0274 15 116,4279

-81,86617 15 114,7995

-81,28556 15 113,9853

-80,12434 15 112,357

-79,54373 15 111,5428

-81,86617 15 114,7995

-75,47945 15 105,8435

-73,73762 15 103,401

-71,99579 15 100,9584

-74,31823 15 104,2152

-74,31823 15 104,2152

-73,73762 15 103,401

-71,99579 15 100,9584

-70,83456 15 99,33008

-70,83456 15 99,33008

-70,83456 15 99,33008

-71,99579 15 100,9584

-68,51212 15 96,07336

-69,09273 15 96,88754

-67,9315 15 95,25917

-67,9315 15 95,25917

-67,9315 15 95,25917

-69,09273 15 96,88754

-68,51212 15 96,07336

-69,09273 15 96,88754

-69,67334 15 97,70171

-69,67334 15 97,70171

-69,67334 15 97,70171

-69,67334 15 97,70171

-70,83456 15 99,33008

-71,41518 15 100,1443

-71,41518 15 100,1443

-71,99579 15 100,9584

-72,57639 15 101,7726

-72,57639 15 101,7726

-71,99579 15 100,9584

-71,99579 15 100,9584

-71,99579 15 100,9584

-71,99579 15 100,9584

-71,99579 15 100,9584

-70,83456 15 99,33008

-71,99579 15 100,9584

-73,73762 15 103,401

-71,99579 15 100,9584

-70,25395 15 98,5159

-70,25395 15 98,5159

-71,99579 15 100,9584

-74,89884 15 105,0293

-75,47945 15 105,8435

-74,31823 15 104,2152

-72,57639 15 101,7726

-71,99579 15 100,9584

-74,89884 15 105,0293

-75,47945 15 105,8435

-75,47945 15 105,8435

-75,47945 15 105,8435

-74,89884 15 105,0293

-75,47945 15 105,8435

-77,8019 15 109,1003

-77,22128 15 108,2861

-78,96312 15 110,7286

-81,28556 15 113,9853

-84,18862 15 118,0562

-84,18862 15 118,0562

-85,93045 15 120,4988

-91,15595 15 127,8264

-91,15595 15 127,8264

-88,2529 15 123,7555

-85,34984 15 119,6846

-83,60801 15 117,2421

-82,44678 15 115,6137

-78,96312 15 110,7286

-75,47945 15 105,8435

-74,31823 15 104,2152

-73,15701 15 102,5868

-71,41518 15 100,1443

-70,83456 15 99,33008

-71,99579 15 100,9584

-71,99579 15 100,9584

-67,9315 15 95,25917

-69,09273 15 96,88754

-66,77029 15 93,63081

-63,28662 15 88,74573

-65,60906 15 92,00245

-62,1254 15 87,11736

-63,28662 15 88,74573

-60,38356 15 84,67482

-60,38356 15 84,67482

-62,1254 15 87,11736

-62,1254 15 87,11736

-61,54478 15 86,30318

-60,96417 15 85,489

-60,96417 15 85,489

-58,64173 15 82,23228

-58,64173 15 82,23228

-57,48051 15 80,60391

-60,96417 15 85,489

-58,06112 15 81,4181

-62,1254 15 87,11736

-59,22234 15 83,04646

-58,06112 15 81,4181

-57,48051 15 80,60391

-56,89989 15 79,78973

-58,64173 15 82,23228

-58,06112 15 81,4181

-58,06112 15 81,4181

-55,15806 15 77,34719

-56,31928 15 78,97556

-57,48051 15 80,60391

-57,48051 15 80,60391

-55,73867 15 78,16138

-56,31928 15 78,97556

-55,15806 15 77,34719

-55,15806 15 77,34719

-58,06112 15 81,4181

-59,22234 15 83,04646

-60,38356 15 84,67482

-60,38356 15 84,67482

-58,64173 15 82,23228

-59,80295 15 83,86064

-58,06112 15 81,4181

-60,96417 15 85,489

-62,1254 15 87,11736

-62,1254 15 87,11736

-59,22234 15 83,04646

-60,38356 15 84,67482

-60,38356 15 84,67482

-61,54478 15 86,30318

-59,22234 15 83,04646

-60,96417 15 85,489

-66,18967 15 92,81663

-66,77029 15 93,63081

-62,1254 15 87,11736

-63,86723 15 89,55991

-67,9315 15 95,25917

-65,60906 15 92,00245

-65,60906 15 92,00245

-67,9315 15 95,25917

-69,67334 15 97,70171

-69,67334 15 97,70171

-71,99579 15 100,9584

-71,99579 15 100,9584

-65,02845 15 91,18827

-65,02845 15 91,18827

-65,60906 15 92,00245

-63,28662 15 88,74573

-66,18967 15 92,81663

-68,51212 15 96,07336

-67,3509 15 94,44499

-63,86723 15 89,55991

-62,1254 15 87,11736

-62,1254 15 87,11736

-65,60906 15 92,00245

-62,1254 15 87,11736

-61,54478 15 86,30318

-62,70601 15 87,93154

-62,1254 15 87,11736

-59,80295 15 83,86064

-60,38356 15 84,67482

-62,1254 15 87,11736

-63,86723 15 89,55991

-59,80295 15 83,86064

-60,38356 15 84,67482

-60,38356 15 84,67482

-57,48051 15 80,60391

-57,48051 15 80,60391

-59,80295 15 83,86064

-58,64173 15 82,23228

-59,22234 15 83,04646

-62,1254 15 87,11736

-62,70601 15 87,93154

-60,96417 15 85,489

-59,22234 15 83,04646

-58,64173 15 82,23228

-63,28662 15 88,74573

-60,38356 15 84,67482

-60,38356 15 84,67482

-60,96417 15 85,489

-59,80295 15 83,86064

-60,38356 15 84,67482

-60,96417 15 85,489

-60,96417 15 85,489

-60,96417 15 85,489

-60,96417 15 85,489

-62,1254 15 87,11736

-62,1254 15 87,11736

-62,70601 15 87,93154

-62,1254 15 87,11736

-62,1254 15 87,11736

-62,70601 15 87,93154

-62,70601 15 87,93154

-65,60906 15 92,00245

-62,1254 15 87,11736

-62,1254 15 87,11736

-63,28662 15 88,74573

-62,1254 15 87,11736

-62,1254 15 87,11736

-66,18967 15 92,81663

-66,18967 15 92,81663

-66,18967 15 92,81663

-67,9315 15 95,25917

-71,99579 15 100,9584

-71,99579 15 100,9584

-71,99579 15 100,9584

-74,31823 15 104,2152

-78,38251 15 109,9144

-76,64067 15 107,4719

-76,06007 15 106,6577

-76,06007 15 106,6577

-77,8019 15 109,1003

-78,96312 15 110,7286

-83,60801 15 117,2421

-84,18862 15 118,0562

-84,76923 15 118,8704

-85,34984 15 119,6846

-88,83351 15 124,5697

-95,22023 15 133,5257

-94,63962 15 132,7115

-93,4784 15 131,0831

-89,99473 15 126,1981

-88,83351 15 124,5697

-86,51106 15 121,313

-85,34984 15 119,6846

-81,86617 15 114,7995

-79,54373 15 111,5428

-84,18862 15 118,0562

-81,86617 15 114,7995

-81,28556 15 113,9853

-79,54373 15 111,5428

-77,8019 15 109,1003

-77,8019 15 109,1003

-78,38251 15 109,9144

-79,54373 15 111,5428

-78,96312 15 110,7286

-73,73762 15 103,401

-74,31823 15 104,2152

-75,47945 15 105,8435

-72,57639 15 101,7726

-73,73762 15 103,401

-71,41518 15 100,1443

-68,51212 15 96,07336

-69,09273 15 96,88754

-71,99579 15 100,9584

-65,60906 15 92,00245

-67,9315 15 95,25917

-67,9315 15 95,25917

-67,9315 15 95,25917

-66,18967 15 92,81663

-65,02845 15 91,18827

-69,67334 15 97,70171

-69,67334 15 97,70171

-68,51212 15 96,07336

-66,77029 15 93,63081

-66,77029 15 93,63081

-70,25395 15 98,5159

-67,3509 15 94,44499

-67,9315 15 95,25917

-68,51212 15 96,07336

-69,67334 15 97,70171

-70,83456 15 99,33008

-72,57639 15 101,7726

-72,57639 15 101,7726

-70,25395 15 98,5159

-67,9315 15 95,25917

-69,09273 15 96,88754

-69,67334 15 97,70171

-67,9315 15 95,25917

-69,67334 15 97,70171

-69,09273 15 96,88754

-69,09273 15 96,88754

-67,9315 15 95,25917

-67,9315 15 95,25917

-69,67334 15 97,70171

-67,9315 15 95,25917

-71,99579 15 100,9584

-73,15701 15 102,5868

-70,83456 15 99,33008

-72,57639 15 101,7726

-69,67334 15 97,70171

-70,83456 15 99,33008

-71,99579 15 100,9584

-76,06007 15 106,6577

-74,31823 15 104,2152

-73,15701 15 102,5868

-73,15701 15 102,5868

-74,89884 15 105,0293

-78,96312 15 110,7286

-78,96312 15 110,7286

-81,86617 15 114,7995

-83,0274 15 116,4279

-83,60801 15 117,2421

-83,0274 15 116,4279

-87,09167 15 122,1271

-89,99473 15 126,1981

-87,67229 15 122,9413

-83,60801 15 117,2421

-80,12434 15 112,357

-80,12434 15 112,357

-78,38251 15 109,9144

-78,38251 15 109,9144

-76,64067 15 107,4719

-75,47945 15 105,8435

-74,31823 15 104,2152

-71,41518 15 100,1443

-71,99579 15 100,9584

-67,3509 15 94,44499

-65,60906 15 92,00245

-67,3509 15 94,44499

-67,9315 15 95,25917

-65,60906 15 92,00245

-64,44784 15 90,37408

-65,02845 15 91,18827

-64,44784 15 90,37408

-59,22234 15 83,04646

-59,22234 15 83,04646

-62,1254 15 87,11736

-62,1254 15 87,11736

-61,54478 15 86,30318

-58,64173 15 82,23228

-58,64173 15 82,23228

-58,64173 15 82,23228

-58,64173 15 82,23228

-55,73867 15 78,16138

-55,73867 15 78,16138

-54,57745 15 76,53301

-54,57745 15 76,53301

-58,06112 15 81,4181

-57,48051 15 80,60391

-56,89989 15 79,78973

-55,73867 15 78,16138

-55,73867 15 78,16138

-54,57745 15 76,53301

-55,15806 15 77,34719

-59,80295 15 83,86064

-59,22234 15 83,04646

-58,06112 15 81,4181

-55,73867 15 78,16138

-55,73867 15 78,16138

-58,64173 15 82,23228

-56,89989 15 79,78973

-54,57745 15 76,53301

-55,15806 15 77,34719

-56,31928 15 78,97556

-54,57745 15 76,53301

-56,31928 15 78,97556

-58,06112 15 81,4181

-57,48051 15 80,60391

-56,31928 15 78,97556

-58,06112 15 81,4181

-60,96417 15 85,489

-62,1254 15 87,11736

-60,38356 15 84,67482

-56,89989 15 79,78973

-56,31928 15 78,97556

-59,80295 15 83,86064

-60,38356 15 84,67482

-61,54478 15 86,30318

-59,80295 15 83,86064

-61,54478 15 86,30318

-66,18967 15 92,81663

-66,77029 15 93,63081

-66,18967 15 92,81663

-66,77029 15 93,63081

-63,28662 15 88,74573

-66,18967 15 92,81663

-68,51212 15 96,07336

-69,09273 15 96,88754

-70,25395 15 98,5159

-71,41518 15 100,1443

